3:24.6940438791 35.7686961111 -117.605240877 5.75 0.64432530886 0.25 43 2.68436361747 
3:48.6491624658 35.9095302791 -117.708315694 7.4375 0.495576823036 0.0625 43 3.04907006178 
4:7.84828052721 35.6334953098 -117.429326522 5.5 0.766240305739 0.25 36 2.69045451694 
4:34.327137747 35.901080229 -117.727556327 8.5625 0.577635264169 0.0625 59 3.36388407092 
5:35.692551415 35.9084036057 -117.742673966 5.5 0.549976107619 0.25 49 2.61497054612 
6:33.2398529294 35.5377280756 -117.375727617 5.75 0.526100270426 0.125 46 2.75767261515 
6:47.2971619841 35.8137630448 -117.64097348 14.625 0.718237822009 0.125 36 2.70671508531 
7:9.05628804378 35.5805416626 -117.370230293 5.75 0.601047661317 0.0625 55 3.28130036966 
7:41.0330041884 35.6515220833 -117.445818492 5.75 0.535218780122 0.25 41 2.89809710135 
8:11.1512250179 35.6188485563 -117.47330511 5.875 0.825053171763 0.125 41 2.61252495853 
9:8.104014001 35.9084036057 -117.716561679 5.75 0.570349542111 0.125 51 2.67578287789 
10:21.9725879874 35.8858701388 -117.726181996 5.75 0.657525928165 0.25 34 1.92166236754 
10:50.8503233147 35.66053547 -117.462310463 5.75 0.600877754003 0.25 47 2.04919770587 
11:45.6152888578 35.6763088969 -117.56401095 5.75 0.600887390066 0.25 50 2.26780974622 
12:51.987275893 35.5726549492 -117.372978955 5.75 0.356395746442 0.125 58 4.44601177026 
14:15.7528522195 35.6740555502 -117.478802434 7.25 0.498685466988 0.25 55 3.03332390083 
15:3.27090222575 35.7213758306 -117.566759611 7.875 0.535269854709 0.125 45 2.40471271031 
15:15.6404461739 35.8813634455 -117.649219465 10.25 0.621992752544 0.25 38 2.4916136448 
16:1.44361062455 35.8610833253 -117.693198054 6.0 0.659526347523 0.25 56 2.89824969104 
17:21.1302128501 35.8881234855 -117.704192701 6.0 0.6627800874 0.125 51 3.4312482674 
18:11.3006809111 35.9309370726 -117.695946716 5.75 0.543156334843 0.25 60 3.25481432473 
18:46.6134086047 35.8250297783 -117.662962774 11.25 0.640299732504 0.125 48 3.25389330525 
19:42.6611349232 35.8948835256 -117.739925305 10.75 0.603164813139 0.125 54 2.90402026073 
20:57.8684505717 35.7179958106 -117.569508273 5.75 0.509046643746 0.125 51 2.6343037973 
22:2.57966689352 35.8272831249 -117.654716789 5.5 0.525616458382 0.25 43 2.20013746131 
22:35.6957057792 35.9129102991 -117.684952069 8.375 0.631340476084 0.125 46 2.27802548909 
23:20.0665268936 35.8453098984 -117.712438687 11.25 0.603711251087 0.25 46 2.15234814016 
25:15.2246211181 35.8836167921 -117.704192701 5.75 0.562293390461 0.125 46 1.94398961748 
25:58.4556758858 35.6706755301 -117.471930779 7.375 0.596803598841 0.125 51 2.71889555191 
26:18.9574623471 35.7123624439 -117.51865803 5.75 0.603472343638 0.125 48 2.68919423327 
26:53.3328997716 35.8847434655 -117.716561679 11.875 0.603552600689 0.125 57 3.23504346671 
27:44.9635216234 35.6154685363 -117.429326522 5.75 0.648812191665 0.125 23 2.4471673301 
28:11.3467291703 35.7371492574 -117.590123237 9.625 0.513889442999 0.125 44 1.90534660059 
28:57.9712842066 35.7213758306 -117.550267641 10.375 0.70389319572 0.125 48 3.16110938515 
29:25.2756760815 35.9038969123 -117.731679319 5.5 0.532697242461 0.25 28 2.56452203341 
30:23.2779993248 35.7010957104 -117.561262288 3.75 0.84826805702 0.25 37 2.35982420958 
30:45.8169029284 35.8588299786 -117.660214113 5.5 0.490871032237 0.125 52 3.10892120129 
31:0.89126388507 35.8768567521 -117.693198054 6.0 0.504239691704 0.25 55 3.73256038126 
31:55.6769325799 35.9016435656 -117.755042945 7.625 0.634917993404 0.125 53 3.3709506775 
32:26.983150027 35.7855962112 -117.621732847 7.125 0.555130942395 0.125 45 2.60627848116 
33:10.0359902584 35.6965890171 -117.507663383 5.875 0.480692004081 0.125 59 2.50293871951 
33:54.4358386368 35.8948835256 -117.737176643 6.75 0.636782659218 0.25 45 2.31841930742 
34:18.8864904851 35.8655900186 -117.724120499 6.5625 0.550089427694 0.0625 48 2.16144454972 
34:47.4192611534 35.9084036057 -117.742673966 12.0 0.608445945626 0.25 60 4.15947764506 
35:34.2341144722 35.8436198884 -117.726181996 14.4375 0.607313095598 0.0625 28 2.89346784973 
36:38.7838079309 35.7889762313 -117.618984186 8.125 0.681492138651 0.125 51 2.49622000531 
37:0.436103044688 35.6706755301 -117.477428103 5.75 0.642459828574 0.125 34 2.27910776561 
37:20.2155064946 35.7067290771 -117.513160706 5.75 0.637322619395 0.125 38 2.07921151569 
37:47.3305696732 35.873476732 -117.720684672 11.8125 0.603621016088 0.0625 39 2.08568512387 
39:10.2687726725 35.7348959107 -117.550267641 6.0 0.552068367411 0.125 51 2.7213442043 
40:2.30865112934 35.906150259 -117.759165937 7.0 0.603630048022 0.125 51 2.7367099655 
41:15.1976223682 35.8115096981 -117.639599149 8.125 0.641316068872 0.125 55 3.89643489182 
43:56.7104003469 35.797989618 -117.602492215 5.5 0.615325859721 0.125 32 2.45684535949 
45:8.87332147623 35.8362965117 -117.627230171 8.75 0.692133598532 0.25 44 2.42065488662 
45:30.7044043358 35.8689700387 -117.693198054 9.4375 0.468601530435 0.0625 45 2.48247186262 
46:12.1006730822 35.8903768322 -117.684952069 5.75 0.517023282332 0.125 48 2.62100407121 
47:11.4549891534 35.8836167921 -117.715187348 9.75 0.630944327491 0.25 48 3.49292198093 
47:55.0198402559 35.7517960109 -117.586000244 8.25 0.5907127946 0.125 44 2.58872315711 
48:7.35954121583 35.9038969123 -117.73305365 9.375 0.63678053917 0.125 36 2.55710832504 
48:23.9252758908 35.8379865217 -117.658839782 7.5625 0.57032272819 0.0625 35 2.49951692826 
48:53.2902379507 35.6594087967 -117.4416955 6.625 0.578029608725 0.125 49 1.98268776298 
49:29.759431873 35.906150259 -117.705567032 7.125 0.644231755285 0.125 58 3.10308356734 
50:36.7899439136 35.6875756303 -117.487048419 5.75 0.688923525187 0.125 55 3.01631646237 
51:51.8089525557 36.0233242868 -117.506289052 9.625 0.638004216081 0.125 42 2.24483111535 
52:26.3984598215 35.5484314723 -117.401839904 6.5625 0.592048061733 0.0625 49 3.55248214972 
53:10.5609603379 35.6706755301 -117.502166059 5.75 0.607480260018 0.0625 53 3.29833465564 
53:23.0603434227 35.906150259 -117.71793601 6.25 0.684584194617 0.25 30 2.9553705942 
54:2.43108350294 35.725882524 -117.570882604 8.5625 0.646109892703 0.0625 36 2.18747064219 
54:37.5157716845 35.935443766 -117.704192701 5.75 0.773613635309 0.25 33 2.33267191617 
54:55.6074325581 35.9320637459 -117.72549483 8.5625 0.717429443986 0.0625 39 2.18021842691 
55:36.1402408256 35.480267735 -117.401152738 7.0625 0.644045601833 0.0625 27 1.96820764707 
56:21.4129837153 35.6875756303 -117.48842275 5.75 0.564329972923 0.125 56 3.05454852323 
57:2.25819256897 35.6729288768 -117.513160706 10.125 0.609441439926 0.125 28 2.11131921848 
57:47.6350307674 35.8746034054 -117.71793601 8.0 0.634412416641 0.25 56 2.85813739886 
58:11.0013130352 35.9151636458 -117.767411923 5.75 0.554878882719 0.125 34 2.47971905338 
60:0.308093276107 35.6887023036 -117.565385281 5.75 0.707049695546 0.125 57 3.34768643067 
60:33.5240510928 35.935443766 -117.70281837 7.5625 0.805198429812 0.0625 34 2.60274924052 
60:59.9934056781 35.899390219 -117.715187348 6.0 0.495157927617 0.25 57 2.50845434769 
61:52.4237762695 35.9174169925 -117.775657908 8.75 0.653224449307 0.25 50 2.38043831912 
62:28.9972716167 35.8295364716 -117.653342458 9.5625 0.536501373707 0.0625 41 2.18698529773 
63:14.6872434505 35.6582821234 -117.53377567 8.375 0.404931890197 0.125 60 3.33204372044 
